<?xml version="1.0"?>
<opencv_storage>
<colorBalance>
  9.7486804388652759e-01 9.5706004416967450e-01 9.0110727261530110e-01
  1. 1. 1.</colorBalance>
</opencv_storage>
