<?xml version="1.0"?>
<opencv_storage>
<ExposureEqualizer>
  6.0798110169119401e-01 1.3920188983088062e+00</ExposureEqualizer>
</opencv_storage>
