<?xml version="1.0"?>
<opencv_storage>
<ExposureEqualizer>
  7.3469719798815347e-01 1.2653028020118466e+00</ExposureEqualizer>
</opencv_storage>
