<?xml version="1.0"?>
<opencv_storage>
<boundingPolygon>
  -252. 804. -259. 803. -271. 800. -276. 800. -361. 812. -821. 893.
  -1540. 1039. -3172. 1399. -14796. 4087. -14808. 4089. -14819. 4088.
  -14830. 4086. -14840. 4081. -14849. 4075. -14857. 4067. -14863. 4057.
  -14867. 4047. -14870. 4036. -14870. 4025. -14868. 4014. -14864. 4003.
  -14858. 3993. -14851. 3985. -14842. 3978. -14832. 3973. -7475. 1070.
  -5124. 52. -3994. -515. -3327. -933. -2906. -1270. -2897. -1276.
  -2886. -1280. -2875. -1283. -2863. -1283. -2852. -1281. -2841. -1276.
  -1520. -587. -910. -314. -525. -178. -522. -177. -231. -104. -228.
  -103. -227. -105. -225. -111. -220. -122. -214. -131. -205. -139.
  -196. -145. -185. -150. -173. -152. 101. -177. 446. -243. 886. -369.
  1649. -651. 1651. -652. 1654. -653. 4032. -1669. 4044. -1673. 4055.
  -1674. 4067. -1673. 4078. -1670. 4089. -1664. 4098. -1657. 4105.
  -1648. 4111. -1638. 4387. -1005. 4388. -1003. 4389. -1002. 4388.
  -1002. 5003. -299. 5002. -299. 5004. -297. 6277. 630. 6283. 634. 9579.
  2488. 29062. 12250. 29072. 12256. 29080. 12264. 29087. 12274. 29092.
  12284. 29094. 12295. 29095. 12307. 29093. 12318. 29090. 12329. 29084.
  12339. 29076. 12347. 29067. 12355. 29057. 12360. 29046. 12363. 29035.
  12364. 29023. 12363. 29012. 12360. 2852. 1677. 1279. 1101. 1278. 1101.
  1276. 1100. 613. 911. 608. 910. 151. 828.</boundingPolygon>
<boundingPointsIndices>
  32 60 83 16</boundingPointsIndices>
</opencv_storage>
