<?xml version="1.0"?>
<opencv_storage>
<type>FRAME</type>
<camera_matrix type_id="opencv-matrix">
  <rows>3</rows>
  <cols>3</cols>
  <dt>d</dt>
  <data>
    2.8266250792544197e+03 0. 1.6419586421762103e+03 0.
    2.8266250792544197e+03 1.7638459975097676e+03 0. 0. 1.</data></camera_matrix>
<rig_matrix type_id="opencv-matrix">
  <rows>3</rows>
  <cols>3</cols>
  <dt>d</dt>
  <data>
    9.9999999999999989e-01 1.8260279174365495e-09 1.3870059063819611e-08
    1.8260279174365495e-09 9.6592582628906842e-01
    -2.5881904510252030e-01 -1.3870059063819611e-08
    2.5881904510252030e-01 9.6592582628906820e-01</data></rig_matrix>
<distortion_coefficients type_id="opencv-matrix">
  <rows>5</rows>
  <cols>1</cols>
  <dt>d</dt>
  <data>
    0. 0. 3.9553301696172820e-03 0. 0.</data></distortion_coefficients>
<R type_id="opencv-matrix">
  <rows>3</rows>
  <cols>1</cols>
  <dt>d</dt>
  <data>
    -9.8243269021707780e-01 6.8364023611634639e-01
    4.8694751525996643e-01</data></R>
<T type_id="opencv-matrix">
  <rows>3</rows>
  <cols>1</cols>
  <dt>d</dt>
  <data>
    2.2304517513819182e+01 -2.2037277804840709e+01
    4.9009883651901553e+01</data></T>
<realT type_id="opencv-matrix">
  <rows>3</rows>
  <cols>1</cols>
  <dt>d</dt>
  <data>
    2.1185579568788835e+01 5.3860334981229613e+01
    -5.9445222002419733e+00</data></realT>
<image_width>3840</image_width>
<image_height>2160</image_height>
<sensor_width_mm>7.1039999602362514e+00</sensor_width_mm>
<sensor_height_mm>3.9959999776328914e+00</sensor_height_mm>
<focal_lens_mm>5.2292563673505708e+00</focal_lens_mm>
<fovxND_deg>6.8021246948387670e+01</fovxND_deg>
<fovyND_deg>3.9942718355476558e+01</fovyND_deg>
<fovxReal_deg>7.9034216401759210e+01</fovxReal_deg>
<fovyReal_deg>4.3846599004429244e+01</fovyReal_deg>
<principalPointX>3.0376234710232732e+00</principalPointX>
<principalPointY>3.2631150771281932e+00</principalPointY>
<aspectRatio>1.</aspectRatio>
<cornerUndistortX>-5.4841708272962819e+02</cornerUndistortX>
<cornerUndistortY>-5.8912767440754305e+02</cornerUndistortY>
<horizontalUndistortX>-2.5287916141732262e+02</horizontalUndistortX>
<verticalUndistortY>-2.7415162756741188e+02</verticalUndistortY>
<distortionPercentage>-2.6071404689411608e+01</distortionPercentage>
<pixel_size>1.8499999896448571e-06</pixel_size>
<readFromRealT>0</readFromRealT>
</opencv_storage>
